,
0.676430, 
0.672620, 
0.672593, 
0.675702, 
0.683287, 
0.676957, 
0.683006, 
0.670125, 
0.622825, 
0.671355, 
0.677496, 
0.664842, 
0.669675, 
0.677774, 
0.675720, 
0.666877, 
0.676659, 
0.677486, 
0.675316, 
0.653524, 
0.683491, 
0.679193, 
0.680966, 
0.665604, 
0.665015, 
0.673705, 
0.579530, 
0.672331, 
0.665290, 
0.675612, 
0.683081, 
0.674599, 
0.618266, 
0.665787, 
0.670719, 
0.674325, 
0.643782, 
0.678843, 
0.679796, 
0.676156, 
0.673822, 
0.674336, 
0.623945, 
0.666473, 
0.673008, 
0.648494, 
0.680840, 
0.666560, 
0.669373, 
0.665797, 
0.661939, 
0.678839, 
0.677144, 
0.683343, 
0.681636, 
0.679098, 
0.678679, 
0.663976, 
0.676186, 
0.666137, 
0.664385, 
0.673898, 
0.683420, 
0.677951, 
0.674387, 
0.670428, 
0.675844, 
0.671205, 
0.677533, 
0.679465, 
0.678188, 
0.677868, 
0.665864, 
0.667829, 
0.674460, 
0.667626, 
0.679482, 
0.677271, 
0.677883, 
0.676665, 
0.673335, 
0.666736, 
0.672138, 
0.671131, 
0.672042, 
0.676989, 
0.677705, 
0.677669, 
0.667224, 
0.667515, 
0.671546, 
0.669075, 
0.676451, 
0.676213, 
0.678315, 
0.675017, 
0.673383, 
0.671228, 
0.675544, 
0.669871, 
0.673719, 
0.679000, 
0.682230, 
0.679236, 
0.673981, 
0.670586, 
0.675954, 
0.672053, 
0.680540, 
0.677840, 
0.678953, 
0.675832, 
0.657150, 
0.671705, 
0.673249, 
0.670610, 
0.679938, 
0.679301, 
0.677960, 
0.676139, 
0.671883, 
0.673078, 
0.675692, 
0.671989, 
0.677957, 
0.676410, 
0.677203, 
0.675832
