cost: square mean error: 0.136375
cost: cross-entropy: 0.454748
weights: [array([[-2.52682616,  2.90336677,  1.56241326],
       [ 0.29775613,  0.5108142 , -0.45783884],
       [ 0.17934947,  0.94561592,  1.32190809],
       [ 0.44594873, -0.24239217,  5.5814595 ]]), array([[ 1.38635047,  3.81225249],
       [-2.04540584, -1.34189846],
       [ 3.97998436, -2.0849857 ]]), array([[ 3.75736527],
       [-4.83455509]])]
cost: square mean error: 0.129485
cost: cross-entropy: 0.449059
weights: [array([[-3.51402402, -1.64442503,  1.57322053],
       [-0.83581568,  2.44090554, -0.43307857],
       [-0.02160198,  0.05840521,  1.26500786],
       [ 1.26241608, -4.06108541,  4.92369978]]), array([[ 1.25570683,  5.16137915],
       [ 0.1761431 ,  2.67093174],
       [ 1.57166617, -3.9394449 ]]), array([[ 4.15488501],
       [-5.21848922]])]
cost: square mean error: 0.132640
cost: cross-entropy: 0.453700
weights: [array([[ 3.82393415,  1.58056389, -1.35131964],
       [ 0.93770662, -0.49584921,  0.21599588],
       [-0.05684695,  1.38025818,  1.30648169],
       [-2.27855543,  5.02544819,  0.74132051]]), array([[-2.67639203, -2.03701355],
       [ 3.59582149, -1.42723072],
       [ 2.0893996 ,  2.79195768]]), array([[ 4.25376124],
       [-6.34441106]])]
cost: square mean error: 0.132477
cost: cross-entropy: 0.448573
weights: [array([[-0.39356394, -3.53499202,  0.18742854],
       [-2.45740919, -0.59017437,  1.96996402],
       [-0.75990079,  0.50353932,  2.78769937],
       [ 3.09300924,  0.75831248,  5.30403138]]), array([[-0.09525856, -2.13973473],
       [ 3.67182737,  4.4873639 ],
       [ 2.69514402, -1.3595909 ]]), array([[ 4.24788744],
       [-6.33250314]])]
cost: square mean error: 0.256545
cost: cross-entropy: 0.446885
weights: [array([[ 0.12554948,  1.04082247, -4.42604381],
       [ 5.39363679,  0.13675872, -0.84216405],
       [-2.08884781,  0.87861991, -0.74343735],
       [ 2.34248597,  6.25306035,  0.85093589]]), array([[ 3.20313277, -0.2428298 ],
       [-3.7873339 ,  2.76112419],
       [ 5.86183295,  0.65263081]]), array([[-5.61326358],
       [ 5.61575946]])]
cost: square mean error: 0.426412
cost: cross-entropy: 0.680030
weights: [array([[-0.00327449, -0.00327449, -0.00327449],
       [-0.00176658, -0.00176658, -0.00176658],
       [-0.00041466, -0.00041466, -0.00041466],
       [-0.00199981, -0.00199981, -0.00199981]]), array([[0.01396913, 0.01396913],
       [0.01396913, 0.01396913],
       [0.01396913, 0.01396913]]), array([[-0.26785554],
       [-0.26785554]])]
cost: square mean error: 0.042653
cost: cross-entropy: 0.680030
weights: [array([[ 0.00010867,  0.00010867,  0.00010867],
       [-0.00327454, -0.00327454, -0.00327454],
       [-0.0017666 , -0.0017666 , -0.0017666 ],
       [-0.00041466, -0.00041466, -0.00041466],
       [-0.00199984, -0.00199984, -0.00199984]]), array([[0.01396924, 0.01396924],
       [0.01396924, 0.01396924],
       [0.01396924, 0.01396924]]), array([[-0.26785533],
       [-0.26785533]])]
cost: square mean error: 0.042794
cost: cross-entropy: 0.679654
weights: [array([[ 0.00070183,  0.0014367 ,  0.00266944],
       [-0.00113831, -0.00219585,  0.00018168],
       [-0.00058349,  0.00079459,  0.00017125],
       [ 0.0008908 ,  0.00042908,  0.00104042],
       [-0.00160095, -0.00037753, -0.00110056]]), array([[0.01671259, 0.01605582],
       [0.01493098, 0.01560027],
       [0.01517637, 0.01514597]]), array([[-0.25907655],
       [-0.26033326]])]
cost: square mean error: 0.042735
cost: cross-entropy: 0.679650
weights: [array([[ 0.00137099,  0.00228765,  0.00295482],
       [-0.00537197, -0.00099996, -0.00364095],
       [-0.00126461,  0.0007491 ,  0.00027778],
       [-0.00086289,  0.00217597, -0.00062406],
       [-0.00274532, -0.00091159,  0.00046581]]), array([[0.01909733, 0.01931638],
       [0.01711378, 0.01513422],
       [0.01673879, 0.01714464]]), array([[-0.25924006],
       [-0.2597587 ]])]
cost: square mean error: 0.042937
cost: cross-entropy: 0.679652
weights: [array([[ 0.00212677,  0.0030671 ,  0.00291883],
       [-0.00041439, -0.0027273 , -0.00147225],
       [ 0.00300696,  0.00157454,  0.00104769],
       [-0.000114  ,  0.00154001,  0.00144567],
       [-0.00104996,  0.00104386, -0.00042197],
       [ 0.00265839,  0.00501182,  0.00484821],
       [ 0.00044432,  0.00080088,  0.00062978],
       [ 0.00069872, -0.00050094,  0.00036872]]), array([[0.01681016, 0.01481144],
       [0.01646421, 0.0174198 ],
       [0.01684361, 0.01521419]]), array([[-0.26035727],
       [-0.25892984]])]
cost: square mean error: 0.042872
cost: cross-entropy: 0.679650
weights: [array([[ 1.08259896e-03,  2.30099698e-03,  6.74911569e-04],
       [-3.46202020e-03, -4.23751406e-03, -3.77551913e-04],
       [ 2.64838415e-03,  3.09325671e-03,  1.64780409e-03],
       [ 2.76641736e-04,  5.59448353e-05,  5.42884997e-04],
       [-5.21770280e-04, -3.79682737e-04,  1.44647285e-03],
       [ 3.47782003e-03,  3.56513355e-03,  3.00503353e-03],
       [ 1.47529549e-03,  2.18037647e-03,  1.11018821e-03],
       [-1.05480386e-03, -2.89855269e-03,  1.46558110e-03]]), array([[0.01851546, 0.01645479],
       [0.01878234, 0.01769494],
       [0.01369611, 0.01606144]]), array([[-0.26102503],
       [-0.25813491]])]
cost: square mean error: 0.042936
cost: cross-entropy: 0.679651
weights: [array([[ 0.00153725,  0.00274283,  0.00196744],
       [-0.00093211, -0.00300125, -0.00343675],
       [ 0.0006125 ,  0.00344586,  0.00157211],
       [ 0.00035094,  0.00215805, -0.00090952],
       [-0.00033308,  0.00033065,  0.00042839],
       [ 0.00303217,  0.00255421,  0.00479059],
       [ 0.00149002,  0.00043547, -0.00044038],
       [ 0.00097534,  0.00020214, -0.0023527 ]]), array([[0.01735977, 0.0141707 ],
       [0.01661534, 0.01530547],
       [0.0172835 , 0.01920886]]), array([[-0.25921469],
       [-0.25999038]])]
cost: square mean error: 0.042584
cost: cross-entropy: 0.677800
weights: [array([[ 4.98399340e-03,  4.46020999e-03,  4.28798129e-03],
       [-4.32528738e-03, -3.66363216e-03, -9.85121631e-04],
       [ 6.25890781e-02,  6.37608064e-02,  4.89007198e-02],
       [ 3.65331359e-05,  1.53502989e-03,  1.40263043e-04],
       [-5.53984798e-02, -5.63253008e-02, -4.54282831e-02],
       [ 4.75989780e-03,  5.60992930e-03,  3.15068500e-03],
       [ 8.83343956e-04,  2.26252238e-04,  1.04865741e-03],
       [-1.66924093e-04,  7.43921234e-05,  1.43372647e-03]]), array([[0.08658678, 0.08740773],
       [0.08828582, 0.08971847],
       [0.06664373, 0.06613404]]), array([[-0.26707154],
       [-0.26828373]])]
cost: square mean error: 0.042509
cost: cross-entropy: 0.677993
weights: [array([[ 0.00195922,  0.00195922,  0.00195922],
       [-0.00500582, -0.00500582, -0.00500582],
       [ 0.06472127,  0.06472127,  0.06472127],
       [-0.00067558, -0.00067558, -0.00067558],
       [-0.06333771, -0.06333771, -0.06333771],
       [ 0.00456305,  0.00456305,  0.00456305],
       [-0.00087308, -0.00087308, -0.00087308],
       [-0.00173075, -0.00173075, -0.00173075]]), array([[0.09344794, 0.09344794],
       [0.09344794, 0.09344794],
       [0.09344794, 0.09344794]]), array([[-0.27885456],
       [-0.27885456]])]
cost: square mean error: 0.042494
cost: cross-entropy: 0.677993
weights: [array([[-0.00500594, -0.00500594, -0.00500594],
       [ 0.0647553 ,  0.0647553 ,  0.0647553 ],
       [-0.00067529, -0.00067529, -0.00067529],
       [-0.06332449, -0.06332449, -0.06332449],
       [ 0.00456435,  0.00456435,  0.00456435],
       [-0.0008727 , -0.0008727 , -0.0008727 ],
       [-0.00173068, -0.00173068, -0.00173068]]), array([[0.093437, 0.093437],
       [0.093437, 0.093437],
       [0.093437, 0.093437]]), array([[-0.27885306],
       [-0.27885306]])]
cost: square mean error: 0.042606
cost: cross-entropy: 0.679539
weights: [array([[0.97769079, 0.89431627, 0.67328939],
       [0.26547864, 0.75163162, 0.78207983],
       [0.12123508, 0.76714962, 0.75410998],
       [0.98375041, 0.70414062, 0.25567812],
       [0.32222308, 0.54511384, 0.03106437],
       [0.20358619, 0.35823781, 0.79788613],
       [0.24587659, 0.43500576, 0.8551131 ]]), array([[ 0.43384844, -0.01129448],
       [-0.16017592, -0.23007915],
       [-0.23975659, -0.1126151 ]]), array([[-0.4359381 ],
       [-0.32888509]])]
cost: square mean error: 0.042596
cost: cross-entropy: 0.679609
weights: [array([[0.25149194, 0.07089208, 0.68927648],
       [0.96944755, 0.54966638, 0.90929769],
       [0.72185569, 0.21142112, 0.56527797],
       [0.88504126, 0.17827193, 0.31252382],
       [0.23506009, 0.07421767, 0.06419758],
       [0.57788848, 0.71894186, 0.63137803],
       [0.0233677 , 0.84106599, 0.0140994 ]]), array([[-0.18129389, -0.3002794 ],
       [ 0.18373509,  0.50081551],
       [-0.06170224,  0.33758704]]), array([[-0.122767  ],
       [-0.47310777]])]
cost: square mean error: 22.504169
cost: cross-entropy: 355.975636
weights: [array([[ 0.36962034, -1.23317553,  0.95048108],
       [ 0.69241825,  2.3153338 ,  0.73736551],
       [ 0.78531274,  0.31107739,  0.44157248],
       [ 0.624669  , -2.17578882,  0.79332324],
       [ 0.70280485,  0.65392768,  0.26422241],
       [ 0.70559183,  0.23667156,  0.20031512],
       [ 0.8898955 ,  0.49443265,  0.30307367]]), array([[-0.95907331,  0.59492356],
       [ 3.27499075,  0.56706625],
       [-0.97858457,  0.43791121]]), array([[-2.37056437],
       [ 1.31940453]])]
cost: square mean error: 24.332739
cost: cross-entropy: 387.997885
weights: [array([[0.94051113, 0.86174127, 0.31768274],
       [0.82932991, 0.17347679, 0.11719978],
       [0.4998159 , 0.80499152, 0.13189508],
       [0.93281585, 0.65586616, 0.88351531],
       [0.61641213, 0.32627115, 0.29485144],
       [0.47838799, 0.23691742, 0.32393531],
       [0.90254024, 0.81701868, 0.1570981 ]]), array([[ 0.02553401, -0.35701159],
       [-0.27731625,  0.18651936],
       [-0.29502928,  0.19625149]]), array([[-0.3763616 ],
       [-0.43224496]])]
cost: square mean error: 0.041783
cost: cross-entropy: 0.625880
weights: [array([[ 0.30692479, -0.26763163,  0.06815826],
       [ 0.7617865 ,  1.01319835,  0.22080229],
       [ 0.07546863,  0.87299284,  0.34108116],
       [ 0.78179814, -1.94146819,  0.56587905],
       [ 0.49755245,  0.42789784,  0.41384424],
       [ 0.28751045,  0.66027039,  0.65228006],
       [ 0.17030216,  0.81321019,  0.25623986]]), array([[-0.29763034, -0.0875608 ],
       [ 2.31436379, -1.0850026 ],
       [-0.99139316,  0.36562442]]), array([[-1.97002112],
       [ 1.52544174]])]
cost: square mean error: 24.334375
cost: cross-entropy: 388.057042
weights: [array([[0.26388716, 0.95129629, 0.45022667],
       [0.38549467, 0.78768282, 0.64102854],
       [0.25133462, 0.31678612, 0.65868334],
       [0.89696228, 0.40631498, 0.47069023],
       [0.90791029, 0.76060615, 0.01610908],
       [0.98832076, 0.50088954, 0.77422108],
       [0.80611739, 0.68382716, 0.8378138 ]]), array([[ 0.03684045, -0.33687136],
       [ 0.45360907,  0.14007996],
       [ 0.04991566, -0.13382915]]), array([[-0.45424423],
       [-0.17093025]])]
cost: square mean error: 24.328093
cost: cross-entropy: 387.970619
weights: [array([[0.08009666, 0.37051564, 0.42061168],
       [0.67375962, 0.99416447, 0.43216667],
       [0.09182828, 0.60200318, 0.43246834],
       [0.20475958, 0.25159513, 0.45156506],
       [0.40870089, 0.24172314, 0.19639571],
       [0.36740574, 0.85257489, 0.19559994],
       [0.39360038, 0.30587218, 0.98767658]]), array([[ 0.12263218, -0.23948285],
       [-0.30237551,  0.32440576],
       [-0.37698174, -0.3276612 ]]), array([[-0.27673693],
       [-0.57989622]])]
cost: square mean error: 24.341013
cost: cross-entropy: 387.971531
weights: [array([[0.39605139, 0.57879218, 0.59734053],
       [0.28841502, 0.17566881, 0.57888227],
       [0.88223028, 0.17890855, 0.79839626],
       [0.47648979, 0.27132611, 0.73019929],
       [0.49362902, 0.93373392, 0.76023985],
       [0.49832877, 0.28691561, 0.17408814],
       [0.17694769, 0.69490025, 0.73474751]]), array([[ 0.14656062, -0.25068186],
       [ 0.23457649, -0.34926921],
       [-0.36512892, -0.26633885]]), array([[-0.51282801],
       [-0.32991829]])]
cost: square mean error: 0.038958
cost: cross-entropy: 0.622755
weights: [array([[ 0.25676567,  0.76948831, -0.19119599],
       [ 0.26166258,  0.28823607,  2.18885816],
       [ 0.64624918,  0.23352588,  0.64180895],
       [ 0.93581136,  0.66130881, -2.57329967],
       [ 0.56157046,  0.55313592,  0.90557458],
       [ 0.02368027,  0.83717888, -0.03307661],
       [ 0.24781459,  0.75715682, -0.04258839]]), array([[-0.36784864,  0.64840666],
       [-1.22512599,  0.09368145],
       [ 2.55738751, -1.00986617]]), array([[-1.97924234],
       [ 1.3454546 ]])]
cost: square mean error: 0.040963
cost: cross-entropy: 0.604658
weights: [array([[ 1.93745805, -0.25882022,  0.32080307],
       [-0.32625459,  1.60263048,  0.3862408 ],
       [ 1.02530017,  0.31366197,  0.05188446],
       [ 1.17260166, -1.29916241,  0.8256119 ],
       [ 0.70020102,  0.96230371,  0.15447105],
       [ 0.94440954,  0.83489878,  0.35026756],
       [ 0.40039023,  0.60417036,  0.87905387]]), array([[ 0.67677201, -1.78682362],
       [ 0.40755314,  2.39222252],
       [ 0.56054859, -0.74460271]]), array([[ 1.09659184],
       [-2.63426332]])]
cost: square mean error: 0.027426
cost: cross-entropy: 0.423254
weights: [array([[ 0.62828716, -1.58741336, -2.65247039],
       [-2.26445445,  0.12327283,  1.57079617],
       [ 2.42772752, -0.93300424,  1.35615162],
       [ 1.29937147,  0.31734983,  0.30504528],
       [ 0.0605344 ,  1.29278702,  1.40470984],
       [-1.02327979,  2.51547583,  1.62565459]]), array([[ 3.55246776, -0.81366664],
       [-2.02829689,  0.8737628 ],
       [-2.33983423,  1.61913211]]), array([[-3.91494261],
       [ 3.83026573]])]
